flavor1
0 0 0 0 0 0 0 0 0 0 0 0 0 0 0 0 0 0 0 0 0 0 0 0 0 0 0 0 0 0 0   0
0 0 0 0 0 0 0 0 0 2 0 0 0 0 1 0 0 0 0 0 0 0 0 0 0 0 2 0 0 0 0   5
0 1 0 0 0 0 0 0 0 0 0 0 0 0 0 0 0 1 0 0 0 0 0 1 0 0 0 0 0 1 2   6
0 1 0 0 0 0 0 1 0 0 0 0 0 0 0 0 0 0 0 0 0 0 0 1 0 0 0 1 0 2 0   6
0 0 1 0 0 0 0 0 0 5 0 0 0 0 0 0 1 2 1 0 0 0 1 0 1 0 1 0 0 0 0   13
3 6 2 2 0 3 4 7 26 3 4 0 0 4 1 5 3 20 3 0 6 2 4 7 7 2 1 12 2 3 1   143
0 2 1 1 0 6 2 1 0 2 1 4 3 10 2 3 1 3 3 2 5 10 1 2 8 1 2 4 2 3 3   88
flavor2
0 1 0 0 0 0 0 0 0 0 0 0 0 0 0 0 0 0 0 0 0 2 0 0 0 0 0 0 0 0 0   3
0 1 0 1 0 0 0 0 0 2 0 2 0 0 0 0 0 0 2 0 0 0 0 3 0 10 0 0 0 0 0   21
0 0 0 0 0 0 0 0 0 0 0 0 0 0 0 0 0 0 0 0 0 0 1 0 0 0 0 0 0 0 0   1
0 0 0 0 0 0 0 0 0 0 0 0 1 0 0 0 0 0 0 1 8 8 0 0 0 0 2 0 0 4 0   24
4 0 8 4 4 0 0 1 0 7 1 0 0 0 0 0 5 1 0 4 0 0 4 0 0 0 0 0 0 0 0   43
10 2 0 1 1 0 3 1 1 6 9 2 1 0 6 2 5 4 1 2 22 5 13 1 8 3 5 12 6 6 5   143
1 0 1 2 5 1 9 0 1 0 7 1 9 22 2 3 1 4 0 4 6 4 6 5 0 5 7 0 1 1 0   108
flavor3
0 0 0 0 0 0 0 0 0 2 0 1 0 0 0 0 0 0 1 0 0 0 1 0 0 0 0 0 0 0 0   5
0 1 0 0 2 0 0 0 0 0 0 1 0 0 0 1 0 0 0 1 1 1 0 0 0 0 1 0 0 0 0   9
0 0 0 0 0 0 0 0 0 0 0 0 0 0 1 0 1 0 1 1 0 0 0 0 0 0 0 0 2 0 0   6
1 0 0 0 1 0 0 1 2 0 0 0 0 1 0 0 0 0 0 0 0 0 0 0 0 0 0 0 0 0 0   6
0 0 0 1 0 1 0 0 0 0 2 0 0 6 0 1 0 0 0 0 0 2 0 0 0 0 0 0 0 0 0   13
0 0 0 0 0 0 0 0 0 1 0 0 0 0 0 1 0 1 0 0 0 0 0 1 0 0 0 0 0 0 0   4
0 0 0 1 2 0 0 0 0 0 0 0 0 1 0 0 0 1 0 0 1 0 8 0 0 2 1 0 0 0 0   17
flavor4
0 0 0 0 0 0 0 0 0 0 0 1 0 0 1 0 0 0 0 0 0 1 0 0 0 0 0 0 0 0 0   3
0 0 0 0 0 1 0 0 0 0 0 0 0 0 0 0 0 0 0 0 0 0 0 0 0 0 0 0 0 0 0   1
0 0 0 0 0 0 0 0 0 0 0 0 0 0 0 0 0 0 0 0 0 0 0 0 0 0 0 1 1 0 1   3
0 0 1 0 0 0 1 0 0 0 0 0 1 1 0 0 0 0 0 0 0 0 0 0 1 0 0 0 0 2 0   7
0 0 0 1 0 0 0 1 0 0 0 0 0 0 0 0 0 0 0 0 0 1 0 0 0 1 0 0 0 0 0   4
2 0 0 0 0 1 2 18 1 0 1 0 1 1 1 1 1 0 0 0 0 1 1 2 0 2 1 2 1 3 1   44
1 0 0 0 2 0 1 2 0 1 1 1 6 1 3 1 1 1 0 2 2 1 0 1 2 0 5 3 1 0 0   39
flavor5
0 0 0 0 0 0 0 0 0 0 0 0 12 2 0 1 0 0 0 3 0 0 0 0 0 0 1 1 1 0 0   21
0 0 3 1 0 3 0 1 0 0 0 0 1 2 0 0 0 0 0 0 0 0 0 1 1 0 12 0 0 0 0   25
21 0 0 2 0 0 0 0 0 0 0 0 0 0 0 0 0 0 0 0 0 0 3 0 0 0 5 0 0 1 0   32
1 0 0 0 10 0 0 0 0 0 3 1 0 0 4 0 0 0 0 1 2 0 0 0 0 0 8 1 0 2 0   33
0 4 1 0 0 0 0 5 8 5 0 17 0 1 16 5 7 15 0 0 1 0 5 3 12 0 0 0 0 0 0   105
0 2 3 2 0 8 4 2 1 2 1 0 3 4 4 5 2 3 2 0 5 4 4 4 0 2 4 6 2 21 3   103
4 1 3 3 4 8 0 1 2 9 5 0 5 7 2 0 2 1 16 2 9 1 0 1 10 1 6 5 3 0 4   115
flavor6
0 0 1 0 0 1 0 0 0 0 0 0 1 0 0 0 0 0 0 3 0 0 0 0 0 0 0 1 0 0 0   7
0 0 6 0 2 0 0 0 0 0 0 0 0 3 0 0 0 0 0 0 0 0 0 0 0 0 5 0 0 0 0   16
6 1 1 0 0 0 0 0 0 0 0 0 0 0 0 0 0 0 0 0 0 0 0 0 1 0 0 0 0 2 0   11
0 0 0 0 0 1 1 0 1 0 0 0 0 1 0 0 1 0 0 0 0 1 0 0 0 0 5 0 0 1 0   12
0 2 0 0 1 0 0 0 6 6 1 3 0 0 0 0 8 1 0 0 1 2 8 9 5 0 0 0 0 0 0   53
1 0 0 0 0 0 0 0 0 1 0 0 1 1 0 1 0 0 0 0 0 2 0 7 0 0 1 0 1 6 0   22
0 0 0 0 0 0 0 0 0 1 0 0 1 0 0 0 0 1 7 0 0 0 0 0 0 0 0 1 1 0 0   12
flavor7
0 0 0 0 0 0 0 0 0 0 0 0 0 1 0 0 0 0 0 0 0 0 0 0 0 0 0 0 0 0 0   1
0 0 1 0 0 0 0 0 0 0 0 4 8 0 0 1 2 0 0 1 0 0 0 1 0 0 0 0 0 0 0   18
5 0 0 0 1 0 0 0 0 0 0 0 0 0 0 0 0 0 0 0 0 0 0 0 0 0 0 0 0 0 0   6
0 0 0 0 0 0 0 0 1 0 0 0 0 0 0 0 0 0 0 0 1 0 0 0 0 0 0 1 0 0 0   3
0 3 2 0 0 0 0 0 0 0 0 1 0 0 1 1 0 2 0 0 0 0 0 0 3 0 0 0 0 0 0   13
0 0 1 0 0 2 6 2 2 1 1 0 3 1 0 0 0 0 0 0 3 4 0 0 0 11 0 0 1 0 0   38
1 0 0 0 1 1 0 0 0 0 0 0 1 0 0 1 0 2 0 0 0 0 0 0 1 0 1 3 1 0 0   13
flavor8
1 1 0 0 1 0 1 1 0 0 0 0 4 0 2 3 0 0 0 4 0 0 0 0 0 0 0 1 3 2 0   24
0 0 1 0 11 1 0 1 0 3 0 7 0 0 0 1 0 27 0 2 0 0 0 2 2 0 2 7 0 0 0   67
17 0 2 1 0 0 0 0 0 0 0 0 0 0 0 1 1 1 0 1 0 2 2 8 20 5 8 0 7 2 1   79
5 0 1 0 3 2 1 3 0 0 1 0 2 1 0 14 10 0 3 0 3 2 0 7 1 24 3 3 1 1 0   91
0 1 0 1 0 0 0 7 12 0 1 4 0 0 2 8 22 12 1 0 2 5 19 1 4 0 0 0 0 0 0   102
3 9 3 0 0 11 0 22 2 3 0 0 4 17 0 4 8 1 2 0 6 11 2 12 20 8 0 31 2 0 17   198
1 2 1 1 6 7 35 0 0 2 8 4 11 8 1 0 5 9 4 16 10 3 25 7 3 7 5 12 0 0 0   193
flavor9
0 0 0 0 0 1 1 1 0 0 0 2 0 0 1 6 0 0 0 1 0 0 0 0 0 0 0 0 0 0 0   13
0 0 1 0 0 0 0 0 3 2 1 0 2 1 0 0 3 1 1 1 2 0 5 1 0 6 10 0 0 0 0   40
6 1 0 2 0 0 0 0 0 0 0 0 0 0 0 1 0 1 0 0 0 0 0 3 1 0 1 0 1 0 0   17
0 0 0 0 2 2 0 1 0 2 0 2 2 0 0 0 0 0 0 1 0 0 0 0 0 0 0 1 0 0 0   13
11 0 0 0 0 1 1 4 0 2 0 0 0 0 0 4 3 0 0 0 0 4 2 2 3 0 0 0 0 0 0   37
2 1 1 0 0 1 0 1 1 3 0 0 1 0 10 1 2 0 0 0 0 4 21 0 8 2 0 5 6 1 0   71
1 0 0 5 2 2 1 5 0 0 0 1 1 1 4 0 2 3 1 3 1 3 0 1 1 5 1 1 1 0 2   48
flavor10
0 0 0 0 0 0 0 0 0 0 0 0 0 0 0 0 0 0 0 0 0 0 0 0 0 0 0 0 0 0 0   0
0 0 0 0 0 0 0 0 0 0 0 0 0 0 0 0 3 1 0 0 0 0 0 2 0 0 2 0 0 0 0   8
0 0 0 0 0 0 0 0 0 0 0 0 0 0 0 0 0 0 0 0 0 1 0 0 0 0 0 0 1 0 0   2
8 0 0 0 0 0 0 0 0 0 0 0 0 0 0 0 1 0 0 0 0 0 0 0 0 0 0 0 0 0 0   9
0 0 0 0 0 0 0 0 0 0 0 0 0 0 0 0 0 1 0 0 0 0 0 0 0 0 0 0 0 0 0   1
0 0 1 1 0 0 1 11 1 1 0 0 0 0 0 1 1 0 0 0 0 0 0 0 1 0 0 0 0 0 0   19
0 0 0 0 1 1 2 0 0 0 0 0 1 0 0 0 0 0 0 0 0 0 0 0 0 2 0 0 1 0 0   8
flavor11
0 0 0 0 0 4 0 0 1 1 0 0 0 0 0 0 0 0 0 5 0 2 3 0 0 0 0 0 0 0 0   16
5 0 2 0 7 0 0 0 0 0 2 1 2 0 0 1 1 0 0 4 0 0 1 0 0 0 0 0 0 0 0   26
0 0 1 0 1 0 0 0 0 0 0 0 0 0 0 0 0 0 0 0 0 4 0 2 0 0 1 0 0 4 0   13
5 0 0 0 0 0 0 0 2 0 0 1 1 3 0 0 0 0 0 2 1 2 0 5 0 0 0 4 1 1 0   28
1 0 0 0 0 0 0 0 0 2 0 2 0 0 0 1 1 5 0 0 0 0 6 0 0 11 0 0 0 0 0   29
0 11 0 1 0 0 1 2 1 1 6 0 0 0 0 5 3 0 0 1 2 7 1 1 0 0 0 1 4 0 0   48
0 0 0 2 10 9 9 0 0 2 0 5 3 0 1 1 3 0 0 3 0 8 0 2 1 3 4 6 1 0 0   73
flavor12
0 0 3 0 0 0 5 0 5 0 0 0 8 1 0 5 0 0 0 0 0 0 0 1 0 0 0 0 0 0 0   28
0 0 0 0 0 0 0 1 6 0 0 2 0 0 0 0 1 0 0 1 0 0 0 0 0 0 0 0 0 0 0   11
0 0 0 0 0 0 0 0 0 0 0 0 0 0 0 0 0 0 0 0 0 0 0 0 0 0 0 0 0 0 0   0
1 0 0 0 0 0 0 0 0 2 1 0 0 0 0 0 0 0 0 0 0 0 0 0 0 0 1 0 0 2 0   7
0 0 0 0 0 0 0 0 0 0 0 5 0 2 0 0 0 2 0 0 0 4 1 1 6 0 0 0 0 0 0   21
0 0 2 0 0 1 4 0 0 11 0 0 0 3 0 0 2 2 1 5 6 0 10 0 16 3 0 27 2 0 4   99
1 0 0 0 0 1 1 0 0 0 0 0 11 0 2 2 0 3 1 0 0 7 0 0 0 2 7 0 0 0 0   38
flavor13
0 0 0 0 0 0 0 0 0 0 0 0 0 0 0 0 0 0 0 0 0 0 0 0 0 0 0 0 0 0 0   0
0 0 0 0 0 0 0 0 0 0 1 0 0 0 0 0 0 0 0 0 0 0 0 0 0 0 0 0 0 0 0   1
0 0 0 0 0 0 0 0 0 0 0 0 0 0 0 0 0 0 0 0 0 0 0 0 0 0 0 0 0 1 0   1
24 0 0 0 0 0 0 0 0 0 0 0 0 0 0 0 0 0 0 0 0 0 0 0 0 0 0 0 0 0 0   24
0 0 0 0 0 0 0 0 0 0 0 5 0 0 0 0 0 0 0 0 0 0 0 0 0 0 0 0 0 0 0   5
0 1 5 0 0 0 0 0 0 0 0 0 0 0 0 1 0 0 0 0 0 0 0 0 1 0 0 0 0 0 0   8
0 0 0 0 0 1 0 0 0 0 0 0 0 0 1 0 0 0 10 0 0 0 0 0 1 0 1 0 0 0 0   14
flavor14
0 0 0 0 0 0 0 0 21 0 0 0 0 6 0 0 0 0 0 0 0 1 0 0 8 0 0 0 0 0 0   36
0 0 2 0 2 4 0 0 0 0 0 0 0 0 0 0 0 0 0 7 0 0 0 0 0 0 0 0 0 0 0   15
2 0 0 0 0 0 0 0 0 0 0 0 0 0 0 0 5 0 0 0 0 10 0 6 0 0 0 0 0 1 0   24
0 10 0 0 0 0 3 0 0 0 0 0 0 0 0 0 0 0 0 0 0 1 1 0 0 1 0 21 3 3 0   43
17 0 0 0 0 0 0 0 1 0 0 0 0 0 0 0 0 0 0 0 0 0 0 0 0 3 0 0 0 0 0   21
0 0 0 0 0 4 1 3 2 1 0 0 0 0 2 0 0 1 0 0 0 0 1 1 1 0 1 1 0 5 0   24
0 0 0 3 1 2 0 0 0 0 5 0 0 0 2 0 0 0 0 0 0 0 0 1 1 0 2 1 0 0 1   19
flavor15
2 2 1 0 0 0 1 0 0 0 0 0 0 7 14 4 0 0 1 0 0 0 0 0 0 0 0 0 0 0 0   32
0 0 0 0 0 0 0 1 0 0 0 0 0 0 0 0 0 0 0 2 0 0 0 0 0 0 0 0 0 0 0   3
3 0 0 0 0 0 0 0 0 0 0 0 0 0 0 0 0 0 0 0 0 0 0 0 0 0 0 0 0 0 0   3
0 0 0 0 0 0 0 2 0 0 0 0 0 0 0 0 0 0 0 0 0 0 0 0 0 1 0 0 0 0 0   3
0 0 0 0 0 0 0 0 0 0 0 0 0 0 0 0 0 0 0 0 0 1 0 0 0 0 0 0 0 0 0   1
0 0 0 0 0 0 0 0 0 3 4 0 0 15 0 5 0 0 0 0 5 0 0 0 0 0 0 6 0 0 0   38
0 0 0 0 0 0 1 0 0 0 0 0 0 0 0 1 0 0 1 0 0 0 0 0 0 3 0 0 0 0 0   6
